1055 1055
1 3 12 18 25
1 5 20 15 30
1 7 22 19 28
2 4 17 21 26
2 6 19 23 27
2 8 21 20 29
3 5 14 16 24
3 9 18 22 31
3 11 20 17 32
4 6 13 19 23
4 10 21 18 27
4 12 23 20 28
5 7 15 17 26
5 13 19 21 29
5 15 22 18 30
6 8 16 20 25
6 14 20 22 31
6 16 23 19 32
7 9 13 18 24
7 17 21 20 28
7 19 24 22 29
8 10 15 19 26
8 18 20 21 30
8 20 22 17 31
9 11 14 20 25
9 21 18 23 32
9 23 21 19 33
10 12 16 18 27
10 22 19 21 29
10 24 23 20 30
11 13 15 17 26
11 25 20 22 31
11 27 22 18 32
12 14 13 19 24
12 26 21 20 28
12 28 24 22 29
13 15 17 21 27
13 29 19 18 30
13 31 23 20 31
14 16 14 18 25
14 30 18 23 32
14 32 21 19 33
15 17 16 20 26
15 33 20 21 29
15 35 23 17 30
16 18 15 19 24
16 34 19 22 31
16 36 22 18 32
17 19 13 21 27
17 37 21 20 28
17 39 24 22 29
18 20 17 18 25
18 38 18 23 32
18 40 21 19 33
19 21 14 20 26
19 41 20 21 29
19 43 23 17 30
20 22 15 19 24
20 42 19 22 31
20 44 22 18 32
21 23 13 21 27
21 45 21 20 28
21 47 24 22 29
22 24 17 18 25
22 46 18 23 32
22 48 21 19 33
23 25 14 20 26
23 49 20 21 29
23 51 23 17 30
24 26 15 19 24
24 50 19 22 31
24 52 22 18 32
25 27 13 21 27
25 53 21 20 28
25 55 24 22 29
26 28 17 18 25
26 54 18 23 32
26 56 21 19 33
27 29 14 20 26
27 57 20 21 29
27 59 23 17 30
28 30 15 19 24
28 58 19 22 31
28 60 22 18 32
86 29 31 10 20
87 31 32 12 22
88 32 33 14 24
89 33 34 16 26
90 34 35 18 28
91 35 36 20 30
92 36 37 22 32
93 37 38 24 34
94 38 39 26 36
95 39 40 28 38
96 40 41 30 40
97 41 42 32 42
98 42 43 34 44
99 43 44 36 46
100 44 45 38 48
101 45 46 40 50
102 46 47 42 52
103 47 48 44 54
104 48 49 46 56
105 49 50 48 58
106 50 51 50 60
107 51 52 52 62
108 52 53 54 64
109 53 54 56 66
110 54 55 58 68
111 55 56 60 70
112 56 57 62 72
113 57 58 64 74
114 58 59 66 76
115 59 60 68 78
116 60 61 70 80
117 61 62 72 82
118 62 63 74 84
119 63 64 76 86
120 64 65 78 88
121 65 66 80 90
122 66 67 82 92
123 67 68 84 94
124 68 69 86 96
125 69 70 88 98
126 70 71 90 100
127 71 72 92 102
128 72 73 94 104
129 73 74 96 106
130 74 75 98 108
131 75 76 100 110
132 76 77 102 112
133 77 78 104 114
134 78 79 106 116
135 79 80 108 118
136 80 81 110 120
137 81 82 112 122
138 82 83 114 124
139 83 84 116 126
140 84 85 118 128
141 85 86 120 130
142 86 87 122 132
143 87 88 124 134
144 88 89 126 136
145 89 90 128 138
146 90 91 130 140
147 91 92 132 142
148 92 93 134 144
149 93 94 136 146
150 94 95 138 148
151 95 96 140 150
152 96 97 142 152
153 97 98 144 154
154 98 99 146 156
155 99 100 148 158
156 100 101 150 160
157 101 102 152 162
158 102 103 154 164
159 103 104 156 166
160 104 105 158 168
161 105 106 160 170
162 106 107 162 172
163 107 108 164 174
164 108 109 166 176
165 109 110 168 178
166 110 111 170 180
167 111 112 172 182
168 112 113 174 184
169 113 114 176 186
170 114 115 178 188
171 115 116 180 190
172 116 117 182 192
173 117 118 184 194
174 118 119 186 196
175 119 120 188 198
176 120 121 190 200
177 121 122 192 202
178 122 123 194 204
179 123 124 196 206
180 124 125 198 208
181 125 126 200 210
182 126 127 202 212
183 127 128 204 214
184 128 129 206 216
185 129 130 208 218
186 130 131 210 220
187 131 132 212 222
188 132 133 214 224
189 133 134 216 226
190 134 135 218 228
191 135 136 220 230
192 136 137 222 232
193 137 138 224 234
194 138 139 226 236
195 139 140 228 238
196 140 141 230 240
197 141 142 232 242
198 142 143 234 244
199 143 144 236 246
200 144 145 238 248
201 145 146 240 250
202 146 147 242 252
203 147 148 244 254
204 148 149 246 256
205 149 150 248 258
206 150 151 250 260
207 151 152 252 262
208 152 153 254 264
209 153 154 256 266
210 154 155 258 268
211 155 156 260 270
212 156 157 262 272
213 157 158 264 274
214 158 159 266 276
215 159 160 268 278
216 160 161 270 280
217 161 162 272 282
218 162 163 274 284
219 163 164 276 286
220 164 165 278 288
221 165 166 280 290
222 166 167 282 292
223 167 168 284 294
224 168 169 286 296
225 169 170 288 298
226 170 171 290 300
227 171 172 292 302
228 172 173 294 304
229 173 174 296 306
230 174 175 298 308
231 175 176 300 310
232 176 177 302 312
233 177 178 304 314
234 178 179 306 316
235 179 180 308 318
236 180 181 310 320
237 181 182 312 322
238 182 183 314 324
239 183 184 316 326
240 184 185 318 328
241 185 186 320 330
242 186 187 322 332
243 187 188 324 334
244 188 189 326 336
245 189 190 328 338
246 190 191 330 340
247 191 192 332 342
248 192 193 334 344
249 193 194 336 346
250 194 195 338 348
251 195 196 340 350
252 196 197 342 352
253 197 198 344 354
254 198 199 346 356
255 199 200 348 358
256 200 201 350 360
257 201 202 352 362
258 202 203 354 364
259 203 204 356 366
260 204 205 358 368
261 205 206 360 370
262 206 207 362 372
263 207 208 364 374
264 208 209 366 376
265 209 210 368 378
266 210 211 370 380
267 211 212 372 382
268 212 213 374 384
269 213 214 376 386
270 214 215 378 388
271 215 216 380 390
272 216 217 382 392
273 217 218 384 394
274 218 219 386 396
275 219 220 388 398
276 220 221 390 400
277 221 222 392 402
278 222 223 394 404
279 223 224 396 406
280 224 225 398 408
281 225 226 400 410
282 226 227 402 412
283 227 228 404 414
284 228 229 406 416
285 229 230 408 418
286 230 231 410 420
287 231 232 412 422
288 232 233 414 424
289 233 234 416 426
290 234 235 418 428
291 235 236 420 430
292 236 237 422 432
293 237 238 424 434
294 238 239 426 436
295 239 240 428 438
296 240 241 430 440
297 241 242 432 442
298 242 243 434 444
299 243 244 436 446
300 244 245 438 448
301 245 246 440 450
302 246 247 442 452
303 247 248 444 454
304 248 249 446 456
305 249 250 448 458
306 250 251 450 460
307 251 252 452 462
308 252 253 454 464
309 253 254 456 466
310 254 255 458 468
311 255 256 460 470
312 256 257 462 472
313 257 258 464 474
314 258 259 466 476
315 259 260 468 478
316 260 261 470 480
317 261 262 472 482
318 262 263 474 484
319 263 264 476 486
320 264 265 478 488
321 265 266 480 490
322 266 267 482 492
323 267 268 484 494
324 268 269 486 496
325 269 270 488 498
326 270 271 490 500
327 271 272 492 502
328 272 273 494 504
329 273 274 496 506
330 274 275 498 508
331 275 276 500 510
332 276 277 502 512
333 277 278 504 514
334 278 279 506 516
335 279 280 508 518
336 280 281 510 520
337 281 282 512 522
338 282 283 514 524
339 283 284 516 526
340 284 285 518 528
341 285 286 520 530
342 286 287 522 532
343 287 288 524 534
344 288 289 526 536
345 289 290 528 538
346 290 291 530 540
347 291 292 532 542
348 292 293 534 544
349 293 294 536 546
350 294 295 538 548
351 295 296 550 560
352 296 297 552 562
353 297 298 554 564
354 298 299 556 566
355 299 300 558 568
356 300 301 560 570
357 301 302 562 572
358 302 303 564 574
359 303 304 566 576
360 304 305 568 578
361 305 306 570 580
362 306 307 572 582
363 307 308 574 584
364 308 309 576 586
365 309 310 578 588
366 310 311 580 590
367 311 312 582 592
368 312 313 584 594
369 313 314 586 596
370 314 315 588 598
371 315 316 590 600
372 316 317 592 602
373 317 318 594 604
374 318 319 596 606
375 319 320 598 608
376 320 321 600 610
377 321 322 602 612
378 322 323 604 614
379 323 324 606 616
380 324 325 608 618
381 325 326 610 620
382 326 327 612 622
383 327 328 614 624
384 328 329 616 626
385 329 330 618 628
386 330 331 620 630
387 331 332 622 632
388 332 333 624 634
389 333 334 626 636
390 334 335 628 638
391 335 336 630 640
392 336 337 632 642
393 337 338 634 644
394 338 339 636 646
395 339 340 638 648
396 340 341 640 650
397 341 342 642 652
398 342 343 644 654
399 343 344 646 656
400 344 345 648 658
401 345 346 650 660
402 346 347 652 662
403 347 348 654 664
404 348 349 656 666
405 349 350 658 668
406 350 351 660 670
407 351 352 662 672
408 352 353 664 674
409 353 354 666 676
410 354 355 668 678
411 355 356 670 680
412 356 357 672 682
413 357 358 674 684
414 358 359 676 686
415 359 360 678 688
416 360 361 680 690
417 361 362 682 692
418 362 363 684 694
419 363 364 686 696
420 364 365 688 698
421 365 366 690 700
422 366 367 692 702
423 367 368 694 704
424 368 369 696 706
425 369 370 698 708
426 370 371 700 710
427 371 372 702 712
428 372 373 704 714
429 373 374 706 716
430 374 375 708 718
431 375 376 710 720
432 376 377 712 722
433 377 378 714 724
434 378 379 716 726
435 379 380 718 728
436 380 381 720 730
437 381 382 722 732
438 382 383 724 734
439 383 384 726 736
440 384 385 728 738
441 385 386 730 740
442 386 387 732 742
443 387 388 734 744
444 388 389 736 746
445 389 390 738 748
446 390 391 740 750
447 391 392 742 752
448 392 393 744 754
449 393 394 746 756
450 394 395 748 758
451 395 396 750 760
452 396 397 752 762
453 397 398 754 764
454 398 399 756 766
455 399 400 758 768
456 400 401 760 770
457 401 402 762 772
458 402 403 764 774
459 403 404 766 776
460 404 405 768 778
461 405 406 770 780
462 406 407 772 782
463 407 408 774 784
464 408 409 776 786
465 409 410 778 788
466 410 411 780 790
467 411 412 782 792
468 412 413 784 794
469 413 414 786 796
470 414 415 788 798
471 415 416 790 800
472 416 417 792 802
473 417 418 794 804
474 418 419 796 806
475 419 420 798 808
476 420 421 800 810
477 421 422 802 812
478 422 423 804 814
479 423 424 806 816
480 424 425 808 818
481 425 426 810 820
482 426 427 812 822
483 427 428 814 824
484 428 429 816 826
485 429 430 818 828
486 430 431 820 830
487 431 432 822 832
488 432 433 824 834
489 433 434 826 836
490 434 435 828 838
491 435 436 830 840
492 436 437 832 842
493 437 438 834 844
494 438 439 836 846
495 439 440 838 848
496 440 441 840 850
497 441 442 842 852
498 442 443 844 854
499 443 444 846 856
500 444 445 848 858
501 445 446 860 870
502 446 447 862 872
503 447 448 864 874
504 448 449 866 876
505 449 450 868 878
506 450 451 870 880
507 451 452 872 882
508 452 453 874 884
509 453 454 876 886
510 454 455 878 888
511 455 456 880 890
512 456 457 882 892
513 457 458 884 894
514 458 459 886 896
515 459 460 888 898
516 460 461 890 900
517 461 462 892 902
518 462 463 894 904
519 463 464 896 906
520 464 465 898 908
521 465 466 900 910
522 466 467 902 912
523 467 468 904 914
524 468 469 906 916
525 469 470 908 918
526 470 471 910 920
527 471 472 912 922
528 472 473 914 924
529 473 474 916 926
530 474 475 918 928
531 475 476 920 930
532 476 477 922 932
533 477 478 924 934
534 478 479 926 936
535 479 480 928 938
536 480 481 930 940
537 481 482 932 942
538 482 483 934 944
539 483 484 936 946
540 484 485 938 948
541 485 486 940 950
542 486 487 942 952
543 487 488 944 954
544 488 489 946 956
545 489 490 948 958
546 490 491 950 960
547 491 492 952 962
548 492 493 954 964
549 493 494 956 966
550 494 495 958 968
551 495 496 960 970
552 496 497 962 972
553 497 498 964 974
554 498 499 966 976
555 499 500 968 978
556 500 501 970 980
557 501 502 972 982
558 502 503 974 984
559 503 504 976 986
560 504 505 978 988
561 505 506 980 990
562 506 507 982 992
563 507 508 984 994
564 508 509 986 996
565 509 510 988 998
566 510 511 990 1000
567 511 512 992 1002
568 512 513 994 1004
569 513 514 996 1006
570 514 515 998 1008
571 515 516 1000 1010
572 516 517 1002 1012
573 517 518 1004 1014
574 518 519 1006 1016
575 519 520 1008 1018
576 520 521 1010 1020
577 521 522 1012 1022
578 522 523 1014 1024
579 523 524 1016 1026
580 524 525 1018 1028
581 525 526 1020 1030
582 526 527 1022 1032
583 527 528 1024 1034
584 528 529 1026 1036
585 529 530 1028 1038
586 530 531 1030 1040
587 531 532 1032 1042
588 532 533 1034 1044
589 533 534 1036 1046
590 534 535 1038 1048
591 535 536 1040 1050
592 536 537 1042 1052
593 537 538 1044 1054
594 538 539 1046 1056
595 539 540 1048 1058
596 540 541 1050 1060
597 541 542 1052 1062
598 542 543 1054 1064
599 543 544 1056 1066
600 544 545 1058 1068
601 545 546 1060 1070
602 546 547 1062 1072
603 547 548 1064 1074
604 548 549 1066 1076
605 549 550 1068 1078
606 550 551 1070 1080
607 551 552 1072 1082
608 552 553 1074 1084
609 553 554 1076 1086
610 554 555 1078 1088
611 555 556 1080 1090
612 556 557 1082 1092
613 557 558 1084 1094
614 558 559 1086 1096
615 559 560 1088 1098
616 560 561 1090 1100
617 561 562 1092 1102
618 562 563 1094 1104
619 563 564 1096 1106
620 564 565 1098 1108
621 565 566 1100 1110
622 566 567 1102 1112
623 567 568 1104 1114
624 568 569 1106 1116
625 569 570 1108 1118
626 570 571 1110 1120
627 571 572 1112 1122
628 572 573 1114 1124
629 573 574 1116 1126
630 574 575 1118 1128
631 575 576 1120 1130
632 576 577 1122 1132
633 577 578 1124 1134
634 578 579 1126 1136
635 579 580 1128 1138
636 580 581 1130 1140
637 581 582 1132 1142
638 582 583 1134 1144
639 583 584 1136 1146
640 584 585 1138 1148
641 585 586 1140 1150
642 586 587 1142 1152
643 587 588 1144 1154
644 588 589 1146 1156
645 589 590 1148 1158
646 590 591 1150 1160
647 591 592 1152 1162
648 592 593 1154 1164
649 593 594 1156 1166
650 594 595 1158 1168
651 595 596 1160 1170
652 596 597 1162 1172
653 597 598 1164 1174
654 598 599 1166 1176
655 599 600 1168 1178
656 600 601 1170 1180
657 601 602 1172 1182
658 602 603 1174 1184
659 603 604 1176 1186
660 604 605 1178 1188
661 605 606 1180 1190
662 606 607 1182 1192
663 607 608 1184 1194
664 608 609 1186 1196
665 609 610 1188 1198
666 610 611 1190 1200
667 611 612 1192 1202
668 612 613 1194 1204
669 613 614 1196 1206
670 614 615 1198 1208
671 615 616 1200 1210
672 616 617 1202 1212
673 617 618 1204 1214
674 618 619 1206 1216
675 619 620 1208 1218
676 620 621 1210 1220
677 621 622 1212 1222
678 622 623 1214 1224
679 623 624 1216 1226
680 624 625 1218 1228
681 625 626 1220 1230
682 626 627 1222 1232
683 627 628 1224 1234
684 628 629 1226 1236
685 629 630 1228 1238
686 630 631 1230 1240
687 631 632 1232 1242
688 632 633 1234 1244
689 633 634 1236 1246
690 634 635 1238 1248
691 635 636 1240 1250
692 636 637 1242 1252
693 637 638 1244 1254
694 638 639 1246 1256
695 639 640 1248 1258
696 640 641 1250 1260
697 641 642 1252 1262
698 642 643 1254 1264
699 643 644 1256 1266
700 644 645 1258 1268
701 645 646 1260 1270
702 646 647 1262 1272
703 647 648 1264 1274
704 648 649 1266 1276
705 649 650 1268 1278
706 650 651 1270 1280
707 651 652 1272 1282
708 652 653 1274 1284
709 653 654 1276 1286
710 654 655 1278 1288
711 655 656 1280 1290
712 656 657 1282 1292
713 657 658 1284 1294
714 658 659 1286 1296
715 659 660 1288 1298
716 660 661 1290 1300
717 661 662 1292 1302
718 662 663 1294 1304
719 663 664 1296 1306
720 664 665 1298 1308
721 665 666 1300 1310
722 666 667 1302 1312
723 667 668 1304 1314
724 668 669 1306 1316
725 669 670 1308 1318
726 670 671 1310 1320
727 671 672 1312 1322
728 672 673 1314 1324
729 673 674 1316 1326
730 674 675 1318 1328
731 675 676 1320 1330
732 676 677 1322 1332
733 677 678 1324 1334
734 678 679 1326 1336
735 679 680 1328 1338
736 680 681 1330 1340
737 681 682 1332 1342
738 682 683 1334 1344
739 683 684 1336 1346
740 684 685 1338 1348
741 685 686 1340 1350
742 686 687 1342 1352
743 687 688 1344 1354
744 688 689 1346 1356
745 689 690 1348 1358
746 690 691 1350 1360
747 691 692 1352 1362
748 692 693 1354 1364
749 693 694 1356 1366
750 694 695 1358 1368
751 695 696 1360 1370
752 696 697 1362 1372
753 697 698 1364 1374
754 698 699 1366 1376
755 699 700 1368 1378
756 700 701 1380 1390
757 701 702 1382 1392
758 702 703 1384 1394
759 703 704 1386 1396
760 704 705 1388 1398
761 705 706 1390 1400
762 706 707 1392 1402
763 707 708 1394 1404
764 708 709 1396 1406
765 709 710 1398 1408
766 710 711 1400 1410
767 711 712 1402 1412
768 712 713 1404 1414
769 713 714 1406 1416
770 714 715 1408 1418
771 715 716 1410 1420
772 716 717 1412 1422
773 717 718 1414 1424
774 718 719 1416 1426
775 719 720 1418 1428
776 720 721 1420 1430
777 721 722 1422 1432
778 722 723 1424 1434
779 723 724 1426 1436
780 724 725 1428 1438
781 725 726 1430 1440
782 726 727 1432 1442
783 727 728 1434 1444
784 728 729 1436 1446
785 729 730 1438 1448
786 730 731 1440 1450
787 731 732 1442 1452
788 732 733 1444 1454
789 733 734 1446 1456
790 734 735 1448 1458
791 735 736 1450 1460
792 736 737 1452 1462
793 737 738 1454 1464
794 738 739 1456 1466
795 739 740 1458 1468
796 740 741 1460 1470
797 741 742 1462 1472
798 742 743 1464 1474
799 743 744 1466 1476
800 744 745 1468 1478
801 745 746 1470 1480
802 746 747 1472 1482
803 747 748 1474 1484
804 748 749 1476 1486
805 749 750 1478 1488
806 750 751 1480 1490
807 751 752 1482 1492
808 752 753 1484 1494
809 753 754 1486 1496
810 754 755 1488 1498
811 755 756 1490 1500
812 756 757 1492 1502
813 757 758 1494 1504
814 758 759 1496 1506
815 759 760 1498 1508
816 760 761 1500 1510
817 761 762 1502 1512
818 762 763 1504 1514
819 763 764 1506 1516
820 764 765 1508 1518
821 765 766 1510 1520
822 766 767 1512 1522
823 767 768 1514 1524
824 768 769 1516 1526
825 769 770 1518 1528
826 770 771 1520 1530
827 771 772 1522 1532
828 772 773 1524 1534
829 773 774 1526 1536
830 774 775 1528 1538
831 775 776 1530 1540
832 776 777 1532 1542
833 777 778 1534 1544
834 778 779 1536 1546
835 779 780 1538 1548
836 780 781 1540 1550
837 781 782 1542 1552
838 782 783 1544 1554
839 783 784 1546 1556
840 784 785 1548 1558
841 785 786 1550 1560
842 786 787 1552 1562
843 787 788 1554 1564
844 788 789 1556 1566
845 789 790 1558 1568
846 790 791 1560 1570
847 791 792 1562 1572
848 792 793 1564 1574
849 793 794 1566 1576
850 794 795 1568 1578
851 795 796 1570 1580
852 796 797 1572 1582
853 797 798 1574 1584
854 798 799 1576 1586
855 799 800 1578 1588
856 800 801 1580 1590
857 801 802 1582 1592
858 802 803 1584 1594
859 803 804 1586 1596
860 804 805 1588 1598
861 805 806 1590 1600
862 806 807 1592 1602
863 807 808 1594 1604
864 808 809 1596 1606
865 809 810 1598 1608
866 810 811 1600 1610
867 811 812 1602 1612
868 812 813 1604 1614
869 813 814 1606 1616
870 814 815 1608 1618
871 815 816 1610 1620
872 816 817 1612 1622
873 817 818 1614 1624
874 818 819 1616 1626
875 819 820 1618 1628
876 820 821 1620 1630
877 821 822 1622 1632
878 822 823 1624 1634
879 823 824 1626 1636
880 824 825 1628 1638
881 825 826 1630 1640
882 826 827 1632 1642
883 827 828 1634 1644
884 828 829 1636 1646
885 829 830 1638 1648
886 830 831 1640 1650
887 831 832 1642 1652
888 832 833 1644 1654
889 833 834 1646 1656
890 834 835 1648 1658
891 835 836 1650 1660
892 836 837 1652 1662
893 837 838 1654 1664
894 838 839 1656 1666
895 839 840 1658 1668
896 840 841 1660 1670
897 841 842 1662 1672
898 842 843 1664 1674
899 843 844 1666 1676
900 844 845 1668 1678
901 845 846 1680 1690
902 846 847 1682 1692
903 847 848 1684 1694
904 848 849 1686 1696
905 849 850 1688 1698
906 850 851 1690 1700
907 851 852 1692 1702
908 852 853 1694 1704
909 853 854 1696 1706
910 854 855 1698 1708
911 855 856 1700 1710
912 856 857 1702 1712
913 857 858 1704 1714
914 858 859 1706 1716
915 859 860 1708 1718
916 860 861 1710 1720
917 861 862 1712 1722
918 862 863 1714 1724
919 863 864 1716 1726
920 864 865 1718 1728
921 865 866 1720 1730
922 866 867 1722 1732
923 867 868 1724 1734
924 868 869 1726 1736
925 869 870 1728 1738
926 870 871 1730 1740
927 871 872 1732 1742
928 872 873 1734 1744
929 873 874 1736 1746
930 874 875 1738 1748
931 875 876 1740 1750
932 876 877 1742 1752
933 877 878 1744 1754
934 878 879 1746 1756
935 879 880 1748 1758
936 880 881 1750 1760
937 881 882 1752 1762
938 882 883 1754 1764
939 883 884 1756 1766
940 884 885 1758 1768
941 885 886 1760 1770
942 886 887 1762 1772
943 887 888 1764 1774
944 888 889 1766 1776
945 889 890 1768 1778
946 890 891 1770 1780
947 891 892 1772 1782
948 892 893 1774 1784
949 893 894 1776 1786
950 894 895 1778 1788
951 895 896 1780 1790
952 896 897 1782 1792
953 897 898 1784 1794
954 898 899 1786 1796
955 899 900 1788 1798
956 900 901 1790 1800
957 901 902 1792 1802
958 902 903 1794 1804
959 903 904 1796 1806
960 904 905 1798 1808
961 905 906 1800 1810
962 906 907 1802 1812
963 907 908 1804 1814
964 908 909 1806 1816
965 909 910 1808 1818
966 910 911 1810 1820
967 911 912 1812 1822
968 912 913 1814 1824
969 913 914 1816 1826
970 914 915 1818 1828
971 915 916 1820 1830
972 916 917 1822 1832
973 917 918 1824 1834
974 918 919 1826 1836
975 919 920 1828 1838
976 920 921 1830 1840
977 921 922 1832 1842
978 922 923 1834 1844
979 923 924 1836 1846
980 924 925 1838 1848
981 925 926 1840 1850
982 926 927 1842 1852
983 927 928 1844 1854
984 928 929 1846 1856
985 929 930 1848 1858
986 930 931 1850 1860
987 931 932 1852 1862
988 932 933 1854 1864
989 933 934 1856 1866
990 934 935 1858 1868
991 935 936 1860 1870
992 936 937 1862 1872
993 937 938 1864 1874
994 938 939 1866 1876
995 939 940 1868 1878
996 940 941 1870 1880
997 941 942 1872 1882
998 942 943 1874 1884
999 943 944 1876 1886
1000 944 945 1878 1888
1001 945 946 1890 1900
1002 946 947 1892 1902
1003 947 948 1894 1904
1004 948 949 1896 1906
1005 949 950 1898 1908
1006 950 951 1900 1910
1007 951 952 1902 1912
1008 952 953 1904 1914
1009 953 954 1906 1916
1010 954 955 1908 1918
1011 955 956 1910 1920
1012 956 957 1912 1922
1013 957 958 1914 1924
1014 958 959 1916 1926
1015 959 960 1918 1928
1016 960 961 1920 1930
1017 961 962 1922 1932
1018 962 963 1924 1934
1019 963 964 1926 1936
1020 964 965 1928 1938
1021 965 966 1930 1940
1022 966 967 1932 1942
1023 967 968 1934 1944
1024 968 969 1936 1946
1025 969 970 1938 1948
1026 970 971 1940 1950
1027 971 972 1942 1952
1028 972 973 1944 1954
1029 973 974 1946 1956
1030 974 975 1948 1958
1031 975 976 1950 1960
1032 976 977 1952 1962
1033 977 978 1954 1964
1034 978 979 1956 1966
1035 979 980 1958 1968
1036 980 981 1960 1970
1037 981 982 1962 1972
1038 982 983 1964 1974
1039 983 984 1966 1976
1040 984 985 1968 1978
1041 985 986 1970 1980
1042 986 987 1972 1982
1043 987 988 1974 1984
1044 988 989 1976 1986
1045 989 990 1978 1988
1046 990 991 1980 1990
1047 991 992 1982 1992
1048 992 993 1984 1994
1049 993 994 1986 1996
1050 994 995 1988 1998
1051 995 996 1990 2000
1052 996 997 1992 2002
1053 997 998 1994 2004
1054 998 999 1996 2006
1055 999 1000 1998 2008
